0 62 75
1 68 116
2 72 172
3 75 159
4 79 119
5 90 112
6 94 73
7 105 54
8 113 37
9 125 30
10 139 26
11 155 29
12 173 31
13 199 38
14 226 42
15 241 45
16 277 39
17 315 47
18 352 35
19 380 44
20 427 62
21 502 80
22 517 97
23 525 111
24 508 123
25 499 157
26 466 200
27 417 252
28 345 305
29 284 317
30 248 335
31 202 370
32 178 412
33 123 383
34 99 338
35 78 290
36 68 240
37 59 201
38 56 146
39 53 88
40 58 78
41 69 89
42 81 79
43 85 47
44 88 45
45 100 49
46 116 49
47 134 52
48 148 41
49 163 37
50 191 36
51 224 32
52 247 47
53 278 52
54 319 63
55 359 68
56 396 70
57 439 83
58 489 100
59 528 122
60 549 132
61 514 153
62 500 208
63 434 264
64 370 331
65 299 410
66 220 484
67 186 533
68 129 566
69 95 538
70 78 537
71 63 472
72 59 348
73 52 295
74 49 213
75 54 147
76 55 141
77 52 100
78 58 100
79 55 86
80 62 72
81 69 54
82 84 59
83 95 61
84 107 74
85 117 73
86 125 80
87 139 81
88 153 89
89 187 108
90 199 119
91 226 138
92 261 146
93 284 152
94 294 134
95 319 151
96 339 182
97 339 222
98 342 237
99 349 248
100 351 255
101 357 260
102 364 301
103 358 336
104 312 385
105 264 427
106 241 434
107 203 473
108 167 549
109 114 577
110 88 632
111 70 608
112 59 553
113 56 507
114 56 413
115 53 347
116 51 324
117 50 264
118 54 196
119 56 146
120 63 109
121 71 91
122 74 91
123 83 67
124 90 60
125 90 72
126 93 78
127 107 83
128 119 88
129 130 111
130 144 134
131 156 145
132 173 166
133 197 187
134 217 223
135 235 249
136 251 291
137 252 265
138 258 272
139 266 318
140 265 354
141 257 442
142 245 530
143 230 588
144 192 609
145 156 665
146 115 746
147 85 855
148 52 881
149 40 942
150 33 892
151 23 801
152 17 689
153 17 539
154 21 399
155 22 304
156 22 229
157 23 191
158 26 161
159 27 160
160 29 178
161 31 196
162 33 167
163 32 110
164 32 105
165 34 84
166 40 60
167 45 72
168 49 79
169 55 93
170 59 97
171 67 86
172 81 104
173 83 130
174 99 132
175 112 144
176 118 121
177 138 129
178 148 137
179 170 149
180 193 198
181 222 176
182 262 178
183 288 170
184 324 196
185 345 238
186 371 288
187 376 350
188 355 427
189 322 518
190 281 590
191 225 662
192 167 730
193 124 810
194 94 920
195 74 993
196 48 982
197 34 937
198 21 854
199 16 793
200 7 756
201 5 687
202 5 628
203 2 578
204 2 524
205 1 447
206 0 300
